[
    {
        "id": 0,
        "mac": "F4E2C60DC36C",
        "type": "normal",
        "sensor": {
            "width": 1920,
            "height": 1080
        },
        "preundistort_intrinsic": [
            [
                1349.04,
                0.0,
                973.03
            ],
            [
                0.0,
                1347.99,
                535.386
            ],
            [
                0.0,
                0.0,
                1.0
            ]
        ],
        "intrinsic": [
            [
                1201.2814717990657,
                0.0,
                959.5
            ],
            [
                0.0,
                1200.3464768801684,
                539.5
            ],
            [
                0.0,
                0.0,
                1.0
            ]
        ],
        "extrinsic": [
            [
                0.5495494874873628,
                -0.8345999132243126,
                -0.03792604548337944,
                -0.8671363196863152
            ],
            [
                -0.28926005947092087,
                -0.14748567568365278,
                -0.9458204749908488,
                0.9872127576840667
            ],
            [
                0.7837881811142408,
                0.5307457378935783,
                -0.32246710526113037,
                5.21027157490045
            ]
        ],
        "distort": [
            -0.365906,
            0.104434,
            0.000874053,
            0.000618491
        ]
    },
    {
        "id": 1,
        "mac": "F4E2C671386F",
        "type": "normal",
        "sensor": {
            "width": 1920,
            "height": 1080
        },
        "preundistort_intrinsic": [
            [
                1344.6,
                0.0,
                976.361
            ],
            [
                0.0,
                1349.81,
                541.041
            ],
            [
                0.0,
                0.0,
                1.0
            ]
        ],
        "intrinsic": [
            [
                1236.7634822958335,
                0.0,
                959.5
            ],
            [
                0.0,
                1241.5556418546328,
                539.5
            ],
            [
                0.0,
                0.0,
                1.0
            ]
        ],
        "extrinsic": [
            [
                -0.09167666571359345,
                -0.9950879966316223,
                -0.03735274252091576,
                -0.5047819796732891
            ],
            [
                -0.3628443174852677,
                0.06831340043032509,
                -0.9293424053024818,
                0.30525135686452687
            ],
            [
                0.9273291619063396,
                -0.07164578242346069,
                -0.3673247684480404,
                6.800238864055602
            ]
        ],
        "distort": [
            -0.257307,
            0.0549564,
            0.000775105,
            0.00199512
        ]
    },
    {
        "id": 2,
        "mac": "F4E2C67137CA",
        "type": "normal",
        "sensor": {
            "width": 1920,
            "height": 1080
        },
        "preundistort_intrinsic": [
            [
                1328.72,
                0.0,
                940.882
            ],
            [
                0.0,
                1332.25,
                514.536
            ],
            [
                0.0,
                0.0,
                1.0
            ]
        ],
        "intrinsic": [
            [
                1265.2465172491454,
                0.0,
                959.5
            ],
            [
                0.0,
                1268.60788774548,
                539.5
            ],
            [
                0.0,
                0.0,
                1.0
            ]
        ],
        "extrinsic": [
            [
                -0.8990144761787375,
                0.43783163280598053,
                -0.008741650656217792,
                0.8917623586737868
            ],
            [
                0.20839257691236496,
                0.41017226238686744,
                -0.8878802240532057,
                0.7348382517836343
            ],
            [
                -0.3851564441329912,
                -0.8000388642123246,
                -0.4599916407154691,
                4.995577968708059
            ]
        ],
        "distort": [
            -0.258277,
            0.0566721,
            -0.00194107,
            -0.000852683
        ]
    }
]